0 -2.37083
0 1.37083
0.01 -2.33686
0.01 1.35686
0.02 -2.30307
0.02 1.34307
0.03 -2.26947
0.03 1.32947
0.04 -2.23606
0.04 1.31606
0.05 -2.20285
0.05 1.30285
0.06 -2.16986
0.06 1.28986
0.07 -2.13707
0.07 1.27707
0.08 -2.10452
0.08 1.26452
0.09 -2.0722
0.09 1.2522
0.1 -2.04012
0.1 1.24012
0.11 -2.0083
0.11 1.2283
0.12 -1.97675
0.12 1.21675
0.13 -1.94547
0.13 1.20547
0.14 -1.91448
0.14 1.19448
0.15 -1.88379
0.15 1.18379
0.16 -1.85341
0.16 1.17341
0.17 -1.82335
0.17 1.16335
0.18 -1.79363
0.18 1.15363
0.19 -1.76427
0.19 1.14427
0.2 -1.73527
0.2 1.13527
0.21 -1.70665
0.21 1.12665
0.22 -1.67843
0.22 1.11843
0.23 -1.65062
0.23 1.11062
0.24 -1.62323
0.24 1.10323
0.25 -1.59629
0.25 1.09629
0.26 -1.56981
0.26 1.08981
0.27 -1.54381
0.27 1.08381
0.28 -1.51831
0.28 1.07831
0.29 -1.49332
0.29 1.07332
0.3 -1.46886
0.3 1.06886
0.31 -1.44495
0.31 1.06495
0.32 -1.42161
0.32 1.06161
0.33 -1.39886
0.33 1.05886
0.34 -1.37672
0.34 1.05672
0.35 -1.3552
0.35 1.0552
0.36 -1.33432
0.36 1.05432
0.37 -1.3141
0.37 1.0541
0.38 -1.29456
0.38 1.05456
0.39 -1.27572
0.39 1.05572
0.4 -1.25758
0.4 1.05758
0.41 -1.24017
0.41 1.06017
0.42 -1.2235
0.42 1.0635
0.43 -1.20759
0.43 1.06759
0.44 -1.19243
0.44 1.07243
0.45 -1.17805
0.45 1.07805
0.46 -1.16446
0.46 1.08446
0.47 -1.15165
0.47 1.09165
0.48 -1.13964
0.48 1.09964
0.49 -1.12844
0.49 1.10844
0.5 -1.11803
0.5 1.11803
0.51 -1.10844
0.51 1.12844
0.52 -1.09964
0.52 1.13964
0.53 -1.09165
0.53 1.15165
0.54 -1.08446
0.54 1.16446
0.55 -1.07805
0.55 1.17805
0.56 -1.07243
0.56 1.19243
0.57 -1.06759
0.57 1.20759
0.58 -1.0635
0.58 1.2235
0.59 -1.06017
0.59 1.24017
0.6 -1.05758
0.6 1.25758
0.61 -1.05572
0.61 1.27572
0.62 -1.05456
0.62 1.29456
0.63 -1.0541
0.63 1.3141
0.64 -1.05432
0.64 1.33432
0.65 -1.0552
0.65 1.3552
0.66 -1.05672
0.66 1.37672
0.67 -1.05886
0.67 1.39886
0.68 -1.06161
0.68 1.42161
0.69 -1.06495
0.69 1.44495
0.7 -1.06886
0.7 1.46886
0.71 -1.07332
0.71 1.49332
0.72 -1.07831
0.72 1.51831
0.73 -1.08381
0.73 1.54381
0.74 -1.08981
0.74 1.56981
0.75 -1.09629
0.75 1.59629
0.76 -1.10323
0.76 1.62323
0.77 -1.11062
0.77 1.65062
0.78 -1.11843
0.78 1.67843
0.79 -1.12665
0.79 1.70665
0.8 -1.13527
0.8 1.73527
0.81 -1.14427
0.81 1.76427
0.82 -1.15363
0.82 1.79363
0.83 -1.16335
0.83 1.82335
0.84 -1.17341
0.84 1.85341
0.85 -1.18379
0.85 1.88379
0.86 -1.19448
0.86 1.91448
0.87 -1.20547
0.87 1.94547
0.88 -1.21675
0.88 1.97675
0.89 -1.2283
0.89 2.0083
0.9 -1.24012
0.9 2.04012
0.91 -1.2522
0.91 2.0722
0.92 -1.26452
0.92 2.10452
0.93 -1.27707
0.93 2.13707
0.94 -1.28986
0.94 2.16986
0.95 -1.30285
0.95 2.20285
0.96 -1.31606
0.96 2.23606
0.97 -1.32947
0.97 2.26947
0.98 -1.34307
0.98 2.30307
0.99 -1.35686
0.99 2.33686
1 -1.37083
1 2.37083
